,City,Lat,Lng,Max Temp,Humidity,Cloudiness,Wind Speed,Country,Date
0,Nyurba,63.2842,118.3319,50.32,64,60,6.73,RU,1620191762
1,Lompoc,34.6391,-120.4579,53.01,87,2,4.56,US,1620191763
2,Rikitea,-23.1203,-134.9692,77.32,82,100,5.7,PF,1620191763
3,Ylöjärvi,61.5563,23.5961,39.99,56,0,11.5,FI,1620191764
4,Qaanaaq,77.484,-69.3632,23.99,68,100,6.38,GL,1620191764
5,Puerto Ayora,-0.7393,-90.3518,75.99,92,51,1.01,EC,1620191764
6,Semīrom,31.4167,51.5667,54.16,47,4,1.28,IR,1620191765
7,Tungor,53.3808,142.9564,35.67,70,62,16.6,RU,1620191765
8,Tuatapere,-46.1333,167.6833,55.99,76,3,15.99,NZ,1620191766
9,Mataura,-46.1927,168.8643,55.99,76,4,15.99,NZ,1620191766
10,Kavieng,-2.5744,150.7967,83.91,71,6,1.07,PG,1620191767
11,Nanortalik,60.1432,-45.2371,37.15,72,100,10.29,GL,1620191767
12,Ziro,27.6333,93.8333,71.6,100,90,5.75,IN,1620191768
13,Kapaa,22.0752,-159.319,75.2,78,20,13.8,US,1620191768
14,Aswān,24.0934,32.907,89.56,11,0,8.34,EG,1620191769
15,New Norfolk,-42.7826,147.0587,64.0,76,53,2.53,AU,1620191769
16,Safaga,26.7292,33.9365,84.2,12,0,6.91,EG,1620191769
17,Ribeira Grande,38.5167,-28.7,62.44,92,85,5.82,PT,1620191770
18,Vila Velha,-20.3297,-40.2925,68.0,100,0,2.3,BR,1620191770
19,Severo-Kuril'sk,50.6789,156.125,37.26,87,36,10.07,RU,1620191771
20,Bonito,-21.1211,-56.4819,71.8,53,60,2.33,BR,1620191771
21,Hilo,19.7297,-155.09,77.0,69,75,3.44,US,1620191604
22,George Town,5.4112,100.3354,87.8,74,20,5.75,MY,1620191772
23,Albany,42.6001,-73.9662,55.99,88,100,3.0,US,1620191560
24,Punta Arenas,-53.15,-70.9167,46.4,76,20,14.97,CL,1620191774
25,Tūkrah,32.5341,20.5791,69.84,42,55,9.46,LY,1620191774
26,Acaraú,-2.8856,-40.12,74.23,93,100,7.78,BR,1620191572
27,Rāvar,31.2656,56.8055,69.69,40,49,2.82,IR,1620191775
28,Mocuba,-16.8392,36.9856,63.79,92,9,2.82,MZ,1620191775
29,Vaini,-21.2,-175.2,77.0,83,75,12.66,TO,1620191776
30,Lavrentiya,65.5833,-171.0,26.74,72,0,6.06,RU,1620191776
31,Cape Town,-33.9258,18.4232,57.99,94,75,6.91,ZA,1620191701
32,Kalmunai,7.4167,81.8167,86.79,66,100,6.26,LK,1620191779
33,Sun Prairie,43.1836,-89.2137,48.0,61,20,5.75,US,1620191779
34,Yellowknife,62.456,-114.3525,33.01,51,20,6.91,CA,1620191780
35,Hluti,-27.2167,31.6167,55.27,74,0,3.09,SZ,1620191783
36,Toamasina,-18.1667,49.3833,78.8,83,40,6.91,MG,1620191783
37,Carnarvon,-24.8667,113.6333,75.2,69,40,8.05,AU,1620191784
38,Port Alfred,-33.5906,26.891,65.21,71,45,4.0,ZA,1620191785
39,Katsuura,35.1333,140.3,69.01,72,98,8.01,JP,1620191785
40,Alta Floresta,-9.8756,-56.0861,71.92,82,38,3.27,BR,1620191786
41,Dikson,73.5069,80.5464,26.37,87,100,7.96,RU,1620191786
42,Upernavik,72.7868,-56.1549,17.65,79,45,5.39,GL,1620191786
43,Salalah,17.0151,54.0924,87.8,66,40,10.36,OM,1620191787
44,Beyneu,45.3167,55.2,72.93,37,4,12.82,KZ,1620191787
45,Barrow,71.2906,-156.7887,15.8,79,90,3.44,US,1620191788
46,Bluff,-46.6,168.3333,55.99,76,6,15.99,NZ,1620191788
47,Ushuaia,-54.8,-68.3,42.8,70,75,41.43,AR,1620191789
48,Hong Kong,22.2855,114.1577,89.01,70,20,8.05,HK,1620191510
49,Sungai Raya,0.7,108.9,85.66,64,100,1.48,ID,1620191789
50,Bethel,41.3712,-73.414,51.01,92,100,8.03,US,1620191790
51,Anjozorobe,-18.4,47.8667,64.4,82,0,0.25,MG,1620191790
52,Lebu,-37.6167,-73.65,52.47,71,2,4.88,CL,1620191791
53,Shaturtorf,55.5672,39.4169,40.14,74,98,12.37,RU,1620191791
54,Hobyo,5.3505,48.5268,85.6,67,100,6.64,SO,1620191792
55,Khatanga,71.9667,102.5,33.78,98,99,3.15,RU,1620191792
56,Castro,-24.7911,-50.0119,58.08,65,30,2.28,BR,1620191792
57,Beyşehir,37.6773,31.7246,59.0,67,52,2.95,TR,1620191793
58,Port Lincoln,-34.7333,135.8667,60.98,62,100,12.64,AU,1620191793
59,Townsville,-19.25,146.8,82.4,69,20,10.36,AU,1620191794
60,Ust'-Ishim,57.6935,71.1665,63.5,46,100,10.02,RU,1620191795
61,Port Elizabeth,-33.918,25.5701,64.4,94,0,8.05,ZA,1620191796
62,Esperance,-33.8667,121.9,60.8,94,90,17.27,AU,1620191796
63,Kutum,14.2,24.6667,77.76,35,72,1.9,SD,1620191797
64,Salamanca,40.8333,-6.0,48.0,82,54,1.72,ES,1620191797
65,Lorengau,-2.0226,147.2712,84.74,73,17,3.96,PG,1620191798
66,Saint-Philippe,-21.3585,55.7679,78.8,83,75,3.44,RE,1620191798
67,Bredasdorp,-34.5322,20.0403,64.4,82,99,11.5,ZA,1620191798
68,Kenai,60.5544,-151.2583,42.8,70,75,11.5,US,1620191799
69,Snezhnogorsk,69.1933,33.2531,32.0,74,75,2.24,RU,1620191799
70,Porto Nacional,-10.7081,-48.4172,71.6,94,0,5.75,BR,1620191684
71,Avarua,-21.2078,-159.775,77.0,78,75,3.44,CK,1620191800
72,Kiruna,67.8557,20.2251,26.6,59,20,1.14,SE,1620191800
73,San-Pédro,4.7485,-6.6363,75.87,93,99,6.08,CI,1620191609
74,Butaritari,3.0707,172.7902,83.89,77,99,17.67,KI,1620191801
75,Margate,51.3813,1.3862,43.0,67,44,3.0,GB,1620191713
76,Burnie,-41.0667,145.9167,61.0,68,27,8.01,AU,1620191802
77,São João da Barra,-21.6403,-41.0511,70.81,86,0,6.89,BR,1620191802
78,Kaitangata,-46.2817,169.8464,59.0,46,4,13.0,NZ,1620191803
79,Dingle,10.9995,122.6711,91.31,52,91,16.49,PH,1620191803
80,Bengkulu,-3.8004,102.2655,84.24,73,77,8.05,ID,1620191803
81,Busselton,-33.65,115.3333,70.0,77,82,3.0,AU,1620191804
82,Kavaratti,10.5669,72.642,85.08,70,37,3.47,IN,1620191805
83,Tura,25.5198,90.2201,82.36,59,97,3.76,IN,1620191805
84,Hamilton,39.1834,-84.5333,57.2,88,90,6.91,US,1620191685
85,Dārāb,28.7519,54.5444,74.68,19,1,2.75,IR,1620191806
86,Hithadhoo,-0.6,73.0833,83.84,66,30,1.86,MV,1620191806
87,Tasiilaq,65.6145,-37.6368,23.0,100,90,5.75,GL,1620191807
88,Fairbanks,64.8378,-147.7164,53.01,58,1,3.44,US,1620191551
89,Parrita,9.5201,-84.3225,68.0,100,75,2.3,CR,1620191807
90,Santa Maria,-29.6842,-53.8069,59.83,94,100,10.96,BR,1620191808
91,Taoudenni,22.6783,-3.9836,87.51,33,100,9.6,ML,1620191808
92,Bambous Virieux,-20.3428,57.7575,84.0,83,20,6.91,MU,1620191809
93,Xining,36.6167,101.7667,56.08,31,11,5.77,CN,1620191809
94,Torbay,47.6666,-52.7314,41.0,81,90,9.22,CA,1620191809
95,Hobart,-42.8794,147.3294,64.99,63,75,9.22,AU,1620191563
96,Vardø,70.3705,31.1107,33.8,75,75,13.8,NO,1620191810
97,Buckeye,33.3703,-112.5838,78.8,13,3,6.91,US,1620191700
98,San Carlos,9.6612,-68.5827,71.8,93,99,2.37,VE,1620191781
99,Bima,-8.4667,118.7167,87.62,65,26,4.18,ID,1620191811
100,Atuona,-9.8,-139.0333,81.05,74,45,16.82,PF,1620191811
101,Kiama,-34.6833,150.8667,64.0,94,100,8.7,AU,1620191812
102,Longyearbyen,78.2186,15.6401,24.8,80,75,11.5,SJ,1620191812
103,East London,-33.0153,27.9116,62.6,100,20,6.91,ZA,1620191813
104,Haines Junction,60.7522,-137.5108,39.2,52,63,8.05,CA,1620191813
105,Xixiang,35.1628,112.865,80.19,12,0,10.09,CN,1620191813
106,Half Moon Bay,37.4636,-122.4286,59.0,87,1,4.43,US,1620191766
107,Thompson,55.7435,-97.8558,33.8,69,90,4.61,CA,1620191704
108,Mahébourg,-20.4081,57.7,80.6,83,20,6.91,MU,1620191814
109,Jamestown,42.097,-79.2353,54.0,87,90,5.75,US,1620191815
110,Walla Walla,46.0646,-118.343,57.2,44,1,10.36,US,1620191815
111,Karaton,-6.3424,106.1045,91.4,52,40,9.22,ID,1620191816
112,Ceres,37.5949,-120.9577,75.2,31,1,8.05,US,1620191816
113,Chokurdakh,70.6333,147.9167,31.55,97,100,5.66,RU,1620191817
114,Narsaq,60.9167,-46.05,48.2,20,90,23.02,GL,1620191817
115,Pisco,-13.7,-76.2167,66.99,82,100,4.61,PE,1620191818
116,Caravelas,-17.7125,-39.2481,72.64,86,3,3.4,BR,1620191818
117,Ostrovnoy,68.0531,39.5131,30.29,83,99,13.47,RU,1620191818
118,Siilinjärvi,63.0833,27.6667,33.8,51,40,6.91,FI,1620191819
119,Shimoda,34.6667,138.95,68.0,83,75,20.71,JP,1620191819
120,Tiksi,71.6872,128.8694,30.61,89,100,10.02,RU,1620191820
121,Chui,-33.6971,-53.4616,54.82,75,98,8.66,UY,1620191820
122,Kongwa,-6.2,36.4167,66.0,79,81,7.09,TZ,1620191821
123,Arraial do Cabo,-22.9661,-42.0278,72.0,86,1,13.82,BR,1620191821
124,Ndélé,8.4109,20.6473,74.41,77,97,5.3,CF,1620191822
125,Cabo San Lucas,22.8909,-109.9124,70.0,70,2,1.99,MX,1620191822
126,Deputatsky,69.3,139.9,29.26,96,99,2.86,RU,1620191822
127,San Antonio,29.4241,-98.4936,71.6,60,1,6.91,US,1620191677
128,Amboasary,-25.0333,46.3833,62.6,88,20,2.3,MG,1620191823
129,Otradnoye,59.7775,30.8181,37.4,87,75,8.95,RU,1620191823
130,Hasaki,35.7333,140.8333,68.0,68,75,14.97,JP,1620191824
131,Kahului,20.8947,-156.47,75.2,73,40,13.8,US,1620191617
132,Paamiut,61.994,-49.6678,37.67,58,88,10.27,GL,1620191825
133,Yar-Sale,66.8333,70.8333,27.54,94,94,7.29,RU,1620191825
134,Provideniya,64.3833,-173.3,28.4,74,0,4.47,RU,1620191825
135,Sovetskiy,61.3614,63.5842,52.2,83,100,5.48,RU,1620191826
136,Coyhaique,-45.5752,-72.0662,34.77,92,95,1.72,CL,1620191826
137,Maltahöhe,-24.8333,16.9833,59.11,42,52,3.71,NA,1620191827
138,Pasłęk,54.0616,19.6593,48.99,79,53,7.0,PL,1620191827
139,Gijang,35.2442,129.2139,78.8,10,0,17.27,KR,1620191828
140,Bay Roberts,47.5999,-53.2648,41.0,82,15,3.0,CA,1620191828
141,Naples,40.8333,14.25,57.2,82,40,3.44,IT,1620191730
142,Yarmouth,41.7057,-70.2286,48.99,93,90,4.61,US,1620191829
143,Hervey Bay,-25.2986,152.8535,78.8,53,75,9.22,AU,1620191829
144,Kamenka,51.3223,42.7678,50.0,60,0,12.91,RU,1620191829
145,Ahipara,-35.1667,173.1667,60.26,67,98,5.28,NZ,1620191830
146,Ilulissat,69.2167,-51.1,32.0,74,0,7.87,GL,1620191830
147,Mar del Plata,-38.0023,-57.5575,42.8,87,40,4.61,AR,1620191831
148,Gerede,40.8008,32.1969,50.32,73,70,3.76,TR,1620191831
149,Pizarro,4.9533,-77.366,76.06,89,99,2.17,CO,1620191832
150,Shelabolikha,53.4131,82.6167,59.0,18,0,11.18,RU,1620191832
151,Hutchinson,38.0608,-97.9298,50.0,46,1,5.75,US,1620191743
152,Saskylakh,71.9167,114.0833,31.24,91,95,9.26,RU,1620191833
153,Ichinohe,40.2069,141.3017,61.0,73,100,9.13,JP,1620191833
154,Buala,-8.145,159.5921,83.35,75,93,4.59,SB,1620191834
155,Belogorsk,50.9158,128.4611,58.8,31,66,13.27,RU,1620191834
156,Fredericton,45.9454,-66.6656,44.01,70,20,3.44,CA,1620191608
157,Kloulklubed,7.0419,134.2556,86.0,74,90,11.5,PW,1620191641
158,Port Hedland,-20.3167,118.5667,75.2,100,40,8.05,AU,1620191835
159,La Ciotat,43.1748,5.6045,59.0,93,100,14.43,FR,1620191835
160,Masingbi,8.7833,-11.95,74.23,94,100,1.61,SL,1620191836
161,Ekhabi,53.5102,142.9671,35.13,71,49,16.98,RU,1620191836
162,Shetpe,44.1667,52.1167,64.36,61,47,18.84,KZ,1620191837
163,Taunggyi,20.7833,97.0333,84.87,31,41,5.77,MM,1620191837
164,Souillac,-20.5167,57.5167,80.6,83,20,6.91,MU,1620191838
165,Santa Fe,-31.6333,-60.7,55.0,72,99,4.0,AR,1620191643
166,Coahuayana Viejo,18.7333,-103.6833,69.37,70,0,1.99,MX,1620191838
167,Nikolskoye,59.7035,30.7861,37.4,87,75,8.95,RU,1620191839
168,Tõrva,58.0028,25.935,37.0,93,90,11.5,EE,1620191839
169,Arkhipo-Osipovka,44.37,38.52,54.48,49,1,12.71,RU,1620191840
170,Joshīmath,30.5667,79.5667,67.62,68,81,7.11,IN,1620191840
171,Praia,14.9215,-23.5087,69.8,73,20,13.8,CV,1620191841
172,Bonavista,48.6499,-53.1147,37.99,93,15,2.3,CA,1620191842
173,Hermanus,-34.4187,19.2345,60.01,93,96,1.99,ZA,1620191842
174,Kondinskoye,59.6481,67.41,67.23,57,9,9.91,RU,1620191842
175,Camacha,33.0833,-16.3333,60.8,59,40,10.36,PT,1620191843
176,Matara,5.9485,80.5353,85.96,66,100,7.16,LK,1620191843
177,Mahon,39.8885,4.2658,53.6,94,20,5.75,ES,1620191844
178,Olafsvik,64.8945,-23.7142,37.4,60,9,7.29,IS,1620191844
179,Binzhou,37.3667,118.0167,79.14,11,0,17.13,CN,1620191845
180,Nuuk,64.1835,-51.7216,30.2,100,20,9.22,GL,1620191845
181,Akora,34.0036,72.1261,80.6,54,20,6.91,PK,1620191761
182,Dubti,11.7361,41.0853,82.11,63,98,6.8,ET,1620191846
183,Lata,40.1629,-8.3327,57.0,95,64,3.0,PT,1620191846
184,Benghazi,32.1167,20.0667,70.74,48,54,12.21,LY,1620191846
185,Ancud,-41.8697,-73.8203,41.0,93,0,4.61,CL,1620191847
186,Lamar,33.6668,-95.5836,54.0,87,1,8.05,US,1620191847
187,Asău,46.4333,26.4,48.0,47,68,4.16,RO,1620191848
188,Dobryanka,58.4619,56.4165,62.6,51,40,13.42,RU,1620191848
189,Hualmay,-11.0964,-77.6139,66.92,87,87,11.12,PE,1620191849
190,Cabra,37.4725,-4.4421,55.0,81,2,3.04,ES,1620191776
191,Pontefract,53.6911,-1.3127,36.0,85,26,1.01,GB,1620191850
192,Westport,41.1415,-73.3579,53.01,87,90,10.36,US,1620191778
193,Lethem,3.3803,-59.7968,74.73,88,100,5.53,GY,1620191850
194,Saint George,37.1041,-113.5841,72.0,15,1,3.44,US,1620191834
195,Kashgar,39.4547,75.9797,68.0,14,40,6.71,CN,1620191851
196,Samarai,-10.6167,150.6667,82.08,71,22,10.58,PG,1620191851
197,Filingué,14.3521,3.3168,81.46,36,96,11.54,NE,1620191852
198,Svarstad,59.399,9.9698,35.01,1,100,7.0,NO,1620191852
199,Odesskoye,54.2111,72.9651,60.44,32,100,16.22,RU,1620191853
200,Tuktoyaktuk,69.4541,-133.0374,19.4,93,90,3.44,CA,1620191853
201,Aktash,50.3,87.7333,47.03,41,24,3.33,RU,1620191854
202,Isangel,-19.55,169.2667,78.21,76,7,7.36,VU,1620191854
203,Saint Paul Harbor,57.79,-152.4072,41.0,70,75,16.11,US,1620191855
204,Nagato,34.3833,131.2,69.8,52,75,10.36,JP,1620191855
205,Mitú,1.1983,-70.1733,72.0,98,100,2.01,CO,1620191855
206,Portland,45.5234,-122.6762,59.0,55,1,5.75,US,1620191480
207,Wexford,52.3342,-6.4575,39.99,82,8,4.0,IE,1620191856
208,Jijiga,9.35,42.8,68.16,71,100,4.25,ET,1620191857
209,Necochea,-38.5473,-58.7368,49.26,54,94,5.53,AR,1620191857
210,Vilhena,-12.7406,-60.1458,68.32,93,87,1.72,BR,1620191858
211,Nouna,12.7333,-3.8667,86.38,46,100,12.64,BF,1620191858
212,Lüderitz,-26.6481,15.1594,61.68,78,6,12.53,NA,1620191859
213,Pacific Grove,36.6177,-121.9166,57.99,72,1,4.61,US,1620191859
214,Myitkyina,25.3833,97.4,95.22,35,90,1.28,MM,1620191860
215,Catuday,16.2923,119.8062,87.21,58,82,13.38,PH,1620191861
216,Whitehorse,60.7161,-135.0538,43.0,52,75,10.36,CA,1620191861
217,Srednekolymsk,67.45,153.6833,30.56,84,100,5.26,RU,1620191862
218,Kaniama,-7.5667,24.1833,65.01,93,41,4.36,CD,1620191862
219,Tevriz,57.509,72.4042,65.7,38,100,10.92,RU,1620191862
220,Mossamedes,-15.1961,12.1522,74.8,77,30,5.5,AO,1620191863
221,Codrington,-38.2667,141.9667,59.38,67,69,11.36,AU,1620191863
222,Faya,18.3851,42.4509,68.0,40,40,5.21,SA,1620191864
223,Hachinohe,40.5,141.5,57.99,71,100,3.0,JP,1620191864
224,Riyadh,24.6877,46.7219,87.8,11,0,3.44,SA,1620191630
225,Jalu,29.0331,21.5482,82.58,21,67,4.68,LY,1620191865
226,Leningradskiy,69.3833,178.4167,27.75,85,15,6.62,RU,1620191865
227,Saldanha,-33.0117,17.9442,57.2,94,100,9.22,ZA,1620191866
228,Kruisfontein,-34.0033,24.7314,61.0,92,96,1.01,ZA,1620191866
229,Vieques,18.425,-65.8329,78.8,78,20,4.61,PR,1620191866
230,Bushehr,28.9684,50.8385,84.2,54,0,4.61,IR,1620191867
231,Pevek,69.7008,170.3133,30.99,72,59,12.86,RU,1620191867
232,Bafra,41.5678,35.9069,61.0,87,20,2.3,TR,1620191868
233,Clyde River,70.4692,-68.5914,17.6,86,1,13.8,CA,1620191868
234,Cherskiy,68.75,161.3,32.13,76,21,9.55,RU,1620191868
235,Coos Bay,43.3665,-124.2179,51.8,82,1,10.36,US,1620191869
236,Ust-Nera,64.5667,143.2,41.45,62,91,2.28,RU,1620191869
237,Norman Wells,65.282,-126.8329,39.2,65,75,3.44,CA,1620191870
238,Tsiroanomandidy,-18.7667,46.0333,63.36,73,5,3.0,MG,1620191871
239,La Ronge,55.1001,-105.2842,28.4,74,0,3.44,CA,1620191871
240,Pangnirtung,66.1451,-65.7125,19.72,86,66,6.67,CA,1620191871
241,Abhā,18.2164,42.5053,68.0,40,40,5.64,SA,1620191582
242,San Miguel de Tucumán,-26.8241,-65.2226,48.2,87,90,9.22,AR,1620191783
243,Port Hardy,50.6996,-127.4199,46.4,93,1,5.75,CA,1620191704
244,Baijiantan,45.6333,85.1833,76.44,9,0,7.49,CN,1620191872
245,Nador,35.174,-2.9287,60.8,94,75,3.44,MA,1620191873
246,Alofi,-19.0595,-169.9187,77.0,94,100,12.66,NU,1620191873
247,Poronaysk,49.2167,143.1167,36.72,77,100,14.2,RU,1620191874
248,Hopelchén,19.7667,-89.85,80.28,72,57,5.79,MX,1620191875
249,Shelburne,44.0787,-80.2041,46.99,100,100,10.58,CA,1620191832
250,Plettenberg Bay,-34.0527,23.3716,61.97,90,72,3.96,ZA,1620191876
251,Kaka,37.3482,59.6143,63.91,57,100,1.59,TM,1620191877
252,Korla,41.7597,86.1469,74.28,16,0,2.39,CN,1620191877
253,Yamada,39.4667,141.95,63.16,77,100,12.5,JP,1620191878
254,Batagay,67.6333,134.6333,37.49,92,100,2.35,RU,1620191878
255,Livingstone,-17.8419,25.8543,55.4,73,0,3.69,ZM,1620191879
256,Muş Province,39.0,41.75,55.4,94,75,2.3,TR,1620191879
257,Tezu,27.9167,96.1667,88.45,40,100,4.18,IN,1620191880
258,Kaseda-shirakame,31.4167,130.3167,68.0,77,75,11.5,JP,1620191881
259,Gunupur,19.0833,83.8167,96.71,39,13,4.61,IN,1620191881
260,Goderich,43.7501,-81.7165,42.8,87,100,18.41,CA,1620191882
261,Woodburn,45.1437,-122.8554,57.2,54,1,4.61,US,1620191819
262,Winneba,5.3511,-0.6231,80.6,78,0,9.22,GH,1620191883
263,Muncar,-8.4333,114.3333,86.7,64,36,7.23,ID,1620191883
264,Fuyu,45.1833,124.8167,57.83,36,100,15.23,CN,1620191883
265,Vila Franca do Campo,37.7167,-25.4333,59.0,88,20,2.3,PT,1620191884
266,Córdoba,-31.4135,-64.1811,45.0,93,100,6.91,AR,1620191780
267,Gazli,40.1333,63.45,75.97,29,100,5.35,UZ,1620191885
268,Yumen,40.2833,97.2,68.34,5,1,29.33,CN,1620191885
269,Dayong,25.0209,118.2898,75.2,69,75,20.13,CN,1620191885
270,Baiyin,36.5583,104.2081,62.6,20,20,4.47,CN,1620191886
271,Lesnoy,57.6198,63.0784,70.75,32,12,11.74,RU,1620191886
272,Mount Gambier,-37.8333,140.7667,59.0,77,90,10.36,AU,1620191887
273,Seoul,37.5683,126.9778,66.2,45,20,8.05,KR,1620191652
274,Devils Lake,48.1128,-98.8651,41.0,45,20,13.8,US,1620191802
275,Yerbogachën,61.2767,108.0108,36.99,98,100,5.44,RU,1620191888
276,Christchurch,-43.5333,172.6333,64.4,59,1,8.05,NZ,1620191650
277,Rabo de Peixe,37.8,-25.5833,59.0,88,20,2.3,PT,1620191889
278,Faanui,-16.4833,-151.75,83.1,74,22,13.69,PF,1620191889
279,Namatanai,-3.6667,152.4333,84.43,71,22,5.35,PG,1620191889
280,Río Gallegos,-51.6226,-69.2181,42.8,75,0,18.41,AR,1620191890
281,Phang Nga,8.4509,98.5298,91.4,66,20,6.91,TH,1620191890
282,Grindavik,63.8424,-22.4338,30.2,93,0,6.91,IS,1620191891
283,Sousse,35.8254,10.637,66.2,82,0,3.44,TN,1620191891
284,Waipawa,-41.4122,175.5153,63.0,82,0,18.41,NZ,1620191892
285,Richards Bay,-28.783,32.0377,60.76,87,0,5.82,ZA,1620191892
286,Yangi Marg`ilon,40.4272,71.7189,82.4,32,98,13.8,UZ,1620191893
287,Bibiani,6.4635,-2.3194,71.82,92,100,1.99,GH,1620191893
288,Kollo,13.3043,2.339,87.8,42,0,10.36,NE,1620191893
289,Garhi Khairo,28.0606,67.9803,103.35,10,2,10.69,PK,1620191894
290,Kichera,55.9375,110.0997,42.39,71,100,6.82,RU,1620191894
291,Muzhi,65.3667,64.6667,32.68,84,100,13.24,RU,1620191895
292,Alappuzha,9.49,76.3264,90.0,61,100,2.35,IN,1620191895
293,Bārmer,25.75,71.3833,96.58,23,0,8.93,IN,1620191896
294,Ambur,12.7833,78.7,93.9,39,68,2.98,IN,1620191896
295,Manaus,-3.1019,-60.025,77.0,94,40,2.3,BR,1620191868
296,Svetlaya,46.5389,138.3297,36.84,98,100,11.07,RU,1620191897
297,Naze,28.3667,129.4833,73.4,100,75,16.11,JP,1620191898
298,Sioux Lookout,50.1001,-91.917,30.2,93,40,2.3,CA,1620191899
299,Sakakah,29.9697,40.2064,82.4,14,0,4.61,SA,1620191899
300,Nome,64.5011,-165.4064,37.0,69,1,5.75,US,1620191633
301,Yong’an,39.6957,113.6871,66.69,10,0,24.36,CN,1620191900
302,Mount Isa,-20.7333,139.5,82.4,24,42,13.8,AU,1620191901
303,Pundaguitan,6.3711,126.1689,83.32,76,100,18.25,PH,1620191902
304,Cidreira,-30.1811,-50.2056,64.94,79,100,13.31,BR,1620191903
305,Vrangel',42.7297,133.0839,50.18,73,78,14.32,RU,1620191903
306,Santa Cruz de la Sierra,-17.8,-63.1667,71.6,94,75,4.61,BO,1620191629
307,Altay,47.8667,88.1167,62.33,28,30,1.88,CN,1620191904
308,Terney,45.0503,136.6092,41.88,98,100,9.48,RU,1620191905
309,Rondonópolis,-16.4708,-54.6356,64.98,51,19,2.71,BR,1620191905
310,Philadelphia,39.9523,-75.1638,64.0,88,20,4.07,US,1620191729
311,Nabire,-3.3667,135.4833,85.44,70,40,5.82,ID,1620191762
312,Thinadhoo,0.5333,72.9333,84.02,66,84,0.78,MV,1620191906
313,Paralia,38.2,21.7,63.0,88,20,1.74,GR,1620191907
314,Nguruka,-5.1092,31.0419,66.99,88,97,2.55,TZ,1620191907
315,Bijie,27.3125,105.2942,52.41,95,100,4.63,CN,1620191909
316,Chernenko,44.365,39.3103,52.21,53,7,5.66,RU,1620191909
317,Palmer,42.1584,-72.3287,51.8,93,90,5.28,US,1620191717
318,Pierre,44.3683,-100.351,50.0,46,1,11.5,US,1620191749
319,Khāsh,28.2211,61.2158,70.16,41,83,11.52,IR,1620191910
320,Ixtapa,20.7,-105.2,73.4,83,1,4.61,MX,1620191911
321,Airai,-8.9266,125.4092,69.17,71,99,3.83,TL,1620191911
322,Esfarāyen,37.0765,57.5101,60.8,72,40,2.3,IR,1620191912
323,Bilibino,68.0546,166.4372,26.42,73,57,2.82,RU,1620191912
324,Zaysan,47.4667,84.8667,68.2,20,0,6.76,KZ,1620191913
325,Rūdbār,30.15,62.6,82.06,30,2,4.25,AF,1620191914
326,Cortez,37.3489,-108.5859,46.0,45,1,8.05,US,1620191628
327,San Quintín,30.4833,-115.95,61.43,84,100,5.35,MX,1620191914
328,Avera,33.194,-82.5271,66.2,93,90,4.61,US,1620191915
329,Bathsheba,13.2167,-59.5167,78.8,61,20,20.71,BB,1620191915
330,Visby,57.6409,18.296,43.0,93,75,11.5,SE,1620191916
331,Fort-Shevchenko,44.5086,50.263,59.7,74,97,20.38,KZ,1620191916
332,Cockburn Town,21.4612,-71.1419,78.17,81,14,20.89,TC,1620191917
333,Noril'sk,69.3535,88.2027,27.54,93,100,9.93,RU,1620191917
334,Bud,39.447,-86.1758,50.0,92,100,10.38,US,1620191918
335,Luanda,-8.8368,13.2343,77.0,88,75,5.75,AO,1620191689
336,Palmas Bellas,9.2319,-80.0867,78.01,79,53,5.19,PA,1620191918
337,Broome,42.2506,-75.833,64.99,100,90,3.44,US,1620191919
338,Hūn,29.1268,15.9477,72.43,33,39,5.55,LY,1620191919
339,Devonport,-41.1667,146.35,61.0,60,27,5.99,AU,1620191716
340,Berbera,10.4396,45.0143,86.97,64,92,1.21,SO,1620191920
341,Turaif,31.6725,38.6637,78.8,25,0,6.91,SA,1620191920
342,Saint Anthony,45.0205,-93.218,48.2,56,1,4.34,US,1620191920
343,Kamenskiy,50.8855,45.488,47.07,56,0,16.73,RU,1620191921
344,Tabory,58.5198,64.5495,70.21,38,32,10.6,RU,1620191921
345,Constitución,-35.3333,-72.4167,55.35,83,3,3.85,CL,1620191922
346,Cooma,-36.2333,149.1333,50.0,100,90,18.41,AU,1620191922
347,Ubari,26.5921,12.7805,79.14,19,23,8.9,LY,1620191923
348,Iqaluit,63.7506,-68.5145,32.0,80,75,2.3,CA,1620191923
349,Mbanza-Ngungu,-5.25,14.8667,67.68,98,100,4.32,CD,1620191923
350,Mitsamiouli,-11.3847,43.2844,77.0,78,20,3.44,KM,1620191924
351,Ketchikan,55.3422,-131.6461,42.8,87,20,5.75,US,1620191743
352,Honiara,-9.4333,159.95,83.17,76,87,2.91,SB,1620191925
353,Karpathos,35.507,27.2132,68.0,83,0,9.22,GR,1620191925
354,Saint-Joseph,-21.3667,55.6167,78.8,83,75,3.44,RE,1620191925
355,Minden,52.2833,8.9167,43.0,81,75,21.85,DE,1620191794
356,Teplá,49.98,12.8643,41.0,81,75,8.05,CZ,1620191926
357,Laas,46.6166,10.7002,51.01,87,40,8.05,IT,1620191927
358,Chakrāta,30.7,77.85,69.55,36,73,5.66,IN,1620191927
359,Oksovskiy,62.6062,39.8984,33.75,82,100,9.66,RU,1620191927
360,Kiryat Gat,31.61,34.7642,81.0,31,84,3.0,IL,1620191885
361,Geraldton,-28.7667,114.6,75.2,64,14,12.66,AU,1620191928
362,Bukama,-9.2,25.85,67.3,84,86,1.39,CD,1620191928
363,Forio,40.7342,13.8646,60.01,84,99,5.01,IT,1620191929
364,Meulaboh,4.1363,96.1285,77.79,90,100,8.05,ID,1620191929
365,Arrondissement de Poitiers,46.5833,0.3333,39.99,100,53,5.75,FR,1620191930
366,Ginir,7.1333,40.7,63.3,74,60,2.42,ET,1620191930
367,Grand-Santi,4.25,-54.3833,70.86,99,40,1.32,GF,1620191931
368,Along,28.1667,94.7667,69.69,95,100,1.68,IN,1620191931
369,Te Anau,-45.4167,167.7167,52.81,65,65,5.3,NZ,1620191794
370,Tak,16.5833,98.8333,95.0,43,20,3.44,TH,1620191932
371,Bugene,-1.5911,31.1403,59.2,95,96,3.24,TZ,1620191932
372,Saint-Augustin,51.226,-58.6502,38.01,87,11,5.61,CA,1620191933
373,Preston,53.7667,-2.7167,36.0,94,87,1.43,GB,1620191933
374,Cahul,45.9075,28.1944,53.69,62,28,11.79,MD,1620191934
375,Bandar-e Lengeh,26.5579,54.8807,87.8,55,0,13.8,IR,1620191934
376,Machiques,10.0644,-72.545,73.72,84,96,3.36,VE,1620191935
377,Gillette,44.2911,-105.5022,44.01,75,40,8.05,US,1620191925
378,Kisangani,0.5167,25.2,70.74,99,100,1.59,CD,1620191936
379,Hambantota,6.1241,81.1185,86.0,84,20,4.61,LK,1620191936
380,Raudeberg,61.9875,5.1352,43.0,87,100,6.11,NO,1620191936
381,Luzhou,28.8724,105.4405,60.33,91,100,0.92,CN,1620191937
382,Straumen,63.8709,11.2999,41.0,48,0,12.66,NO,1620191937
383,Harrisonville,38.6533,-94.3488,44.6,76,1,7.56,US,1620191938
384,Thayetmyo,19.3167,95.1833,101.14,30,40,1.54,MM,1620191938
385,Tacuatí,-23.45,-56.5833,73.6,51,52,2.28,PY,1620191938
386,Kautokeino,69.0125,23.0412,13.84,94,88,1.54,NO,1620191939
387,Wagar,16.1525,36.2032,87.96,33,100,5.3,SD,1620191939
388,Micomeseng,2.1462,10.6164,67.77,99,99,1.36,GQ,1620191940
389,Oudtshoorn,-33.5907,22.2014,57.2,88,0,3.44,ZA,1620191940
390,The Valley,18.217,-63.0578,79.0,78,20,11.5,AI,1620191941
391,Iskateley,67.6803,53.1512,30.36,72,100,17.25,RU,1620191941
392,Anahawan,10.3429,124.8782,87.67,64,46,9.17,PH,1620191942
393,Poum,-20.2333,164.0167,77.94,77,33,8.84,NC,1620191942
394,Sept-Îles,50.2001,-66.3821,39.2,70,20,6.91,CA,1620191942
395,Port Macquarie,-31.4333,152.9167,62.01,88,92,1.01,AU,1620191943
396,Rio Verde de Mato Grosso,-18.9181,-54.8442,69.82,33,62,5.35,BR,1620191943
397,Aykhal,66.0,111.5,33.66,98,19,6.89,RU,1620191944
398,Severodvinsk,64.5635,39.8302,37.4,56,75,11.18,RU,1620191944
399,Bukachacha,52.9833,116.9167,46.56,63,85,9.55,RU,1620191945
400,Rawson,-43.3002,-65.1023,47.44,48,51,8.3,AR,1620191681
401,Brookings,44.3114,-96.7984,43.0,45,1,4.61,US,1620191833
402,Hīt,33.6416,42.8251,87.37,23,68,11.32,IQ,1620191885
403,Wojkowice,50.3651,19.0365,55.99,71,20,1.14,PL,1620191946
404,Maragogi,-9.0122,-35.2225,73.74,87,69,3.65,BR,1620191947
405,Vao,-22.6667,167.4833,73.65,80,58,16.35,NC,1620191947
406,Wairoa,-39.0333,177.3667,62.01,67,36,3.2,NZ,1620191948
407,San Policarpo,12.1791,125.5072,82.2,85,72,12.95,PH,1620191948
408,Yatou,37.15,122.3833,66.06,27,0,15.19,CN,1620191949
409,São Filipe,14.8961,-24.4956,71.33,73,17,9.08,CV,1620191949
410,Hokitika,-42.7167,170.9667,59.32,89,11,5.01,NZ,1620191950
411,Lieksa,63.3167,30.0167,33.1,70,71,7.54,FI,1620191950
412,Los Llanos de Aridane,28.6585,-17.9182,66.2,52,90,11.5,ES,1620191951
413,Newala,-10.9431,39.2787,62.46,86,3,3.42,TZ,1620191951
414,Albanel,48.8832,-72.4487,42.8,93,100,4.61,CA,1620191952
415,Mahon,39.8885,4.2658,53.6,94,20,5.75,ES,1620191952
416,Ankang,32.68,109.0172,61.0,28,100,3.0,CN,1620191952
417,Saposoa,-6.934,-76.7716,71.37,91,82,2.1,PE,1620191953
418,Atlantic Beach,30.3344,-81.3987,80.6,69,1,9.22,US,1620191954
419,Coalinga,36.1397,-120.3602,77.0,34,0,5.01,US,1620191954
420,Nsanje,-16.92,35.262,63.81,79,4,1.5,MW,1620191955
421,Tsumeb,-19.2333,17.7167,48.2,93,11,8.39,NA,1620191955
422,Alyangula,-13.8483,136.4192,86.0,62,75,10.36,AU,1620191956
423,Talnakh,69.4865,88.3972,27.57,90,100,10.8,RU,1620191956
424,Yavatmal,20.4,78.1333,99.01,17,7,3.62,IN,1620191956
425,Yagoua,10.3411,15.2329,81.32,50,51,9.53,CM,1620191957
426,Saint-Pierre,-21.3393,55.4781,78.8,83,75,3.44,RE,1620191957
427,Havre-St-Pierre,50.2334,-63.5986,35.6,80,1,6.91,CA,1620191958
428,Mugur-Aksy,50.35,90.5,45.37,35,69,5.59,RU,1620191958
429,Kununurra,-15.7667,128.7333,93.2,29,6,8.05,AU,1620191736
430,Grand Gaube,-20.0064,57.6608,82.99,80,15,5.01,MU,1620191959
431,Methóni,36.8197,21.7049,68.0,76,20,4.61,GR,1620191959
432,Koyelga,54.6522,60.9049,69.71,30,25,13.06,RU,1620191960
433,Nizwá,22.9333,57.5333,84.29,38,39,5.26,OM,1620191960
434,Nānākuli,21.3906,-158.1547,75.2,69,20,4.61,US,1620191961
435,Usinsk,65.9939,57.5281,30.81,84,100,19.6,RU,1620191961
436,Mamit,23.9333,92.4833,86.0,51,40,4.61,IN,1620191962
437,Raja,8.4596,25.678,75.34,69,88,2.17,SS,1620191962
438,Mazara del Vallo,37.6641,12.588,60.8,88,40,4.61,IT,1620191963
439,Anadyr,64.75,177.4833,28.4,69,20,11.18,RU,1620191963
440,Balsas,-7.5325,-46.0356,75.07,71,59,1.1,BR,1620191964
441,Aiken,33.5835,-81.5998,66.0,100,90,10.36,US,1620191964
442,St. George's,12.0564,-61.7485,78.8,83,20,11.5,GD,1620191965
443,Kamaishi,39.2667,141.8833,62.6,82,75,11.5,JP,1620191965
444,Andenes,69.3143,16.1194,37.4,65,75,9.22,NO,1620191965
445,Gander,48.9682,-54.5906,35.6,93,90,5.75,CA,1620191966
446,São Domingos do Maranhão,-5.5758,-44.3853,70.54,88,100,2.62,BR,1620191967
447,Adwa,14.1646,38.8955,67.84,54,100,4.63,ET,1620191967
448,Yeppoon,-23.1333,150.7333,86.0,37,75,16.11,AU,1620191968
449,Puerto Escondido,15.85,-97.0667,80.53,80,45,4.65,MX,1620191969
450,Klaksvík,62.2266,-6.589,35.6,75,20,23.02,FO,1620191969
451,Punta de Bombón,-17.1717,-71.7931,66.43,84,100,6.87,PE,1620191970
452,Berlevåg,70.8578,29.0864,33.8,80,75,8.05,NO,1620191970
453,Edd,13.9297,41.6925,86.34,56,77,2.84,ER,1620191771
454,Lakes Entrance,-37.8811,147.981,62.01,76,49,5.01,AU,1620191971
455,Emba,48.8264,58.1442,72.68,21,0,6.35,KZ,1620191971
456,Oktyabr'skoye,43.0645,44.7417,50.0,87,90,4.47,RU,1620191972
457,Heilbron,-27.2812,27.9709,49.05,60,0,2.44,ZA,1620191972
458,Khandyga,62.6667,135.6,48.69,65,100,4.76,RU,1620191973
459,Rehoboth,-23.3167,17.0833,58.17,47,1,4.29,NA,1620191974
460,Sittwe,20.15,92.9,87.53,54,80,8.12,MM,1620191974
461,Prince Rupert,54.3161,-130.3201,46.4,93,75,3.44,CA,1620191974
462,Karratha,-20.7377,116.8463,82.36,65,52,15.32,AU,1620191975
463,Collierville,35.042,-89.6645,60.01,100,90,9.22,US,1620191888
464,Birjand,32.8663,59.2211,62.6,55,20,4.0,IR,1620191976
465,Chapais,49.7834,-74.8492,42.8,75,90,6.91,CA,1620191976
466,Ballina,-28.8667,153.5667,59.0,94,90,6.91,AU,1620191976
467,Mombasa,-4.0547,39.6636,75.2,88,75,12.66,KE,1620191727
468,Ponta do Sol,32.6667,-17.1,57.0,58,13,5.99,PT,1620191977
469,Sibolga,1.7427,98.7792,81.93,83,98,4.03,ID,1620191978
470,Esso,55.9333,158.7,33.85,79,25,5.26,RU,1620191978
471,Wakkanai,45.4094,141.6739,55.4,58,75,12.66,JP,1620191978
472,Jingdezhen,29.2947,117.2079,79.66,42,70,5.06,CN,1620191979
473,Mae Sai,20.4335,99.8762,86.0,58,0,5.75,TH,1620191979
474,Pokhara,28.2333,83.9833,66.67,86,100,2.64,NP,1620191702
475,Puri,19.8,85.85,93.2,49,40,10.36,IN,1620191980
476,Moranbah,-22.0016,148.0466,84.74,26,6,14.7,AU,1620191981
477,Mayskiy,47.6931,40.1025,53.6,50,0,4.47,RU,1620191981
478,Annecy-le-Vieux,45.9197,6.1439,50.0,87,90,3.44,FR,1620191982
479,Rabaul,-4.1967,152.1721,84.69,69,16,4.81,PG,1620191982
480,Singleton,-32.5667,151.1833,71.01,54,85,5.86,AU,1620191982
481,Tilichiki,60.4667,166.1,23.32,80,39,11.23,RU,1620191983
482,Langham,52.3668,-106.9679,41.0,33,40,10.36,CA,1620191983
483,Tynda,55.1667,124.7167,36.52,96,100,5.84,RU,1620191984
484,Northam,51.0333,-4.2167,44.01,84,19,8.01,GB,1620191984
485,Ayan,56.45,138.1667,33.06,58,100,7.72,RU,1620191985
486,Benguela,-12.5763,13.4055,77.68,81,57,2.26,AO,1620191986
487,Cayenne,4.9333,-52.3333,75.99,94,90,2.3,GF,1620191986
488,High Rock,26.6208,-78.2833,78.8,83,8,4.61,BS,1620191987
489,Carutapera,-1.195,-46.02,74.07,95,100,5.64,BR,1620191987
490,Thunder Bay,48.4001,-89.3168,36.0,100,75,3.44,CA,1620191988
491,Novovarshavka,54.1721,74.6946,59.13,35,100,13.62,RU,1620191988
492,College,64.8569,-147.8028,53.01,58,75,4.61,US,1620191890
493,Ouidah,6.3631,2.0851,78.8,94,40,2.3,BJ,1620191989
494,Antofagasta,-23.65,-70.4,59.0,94,20,10.36,CL,1620191763
495,Churāchāndpur,24.3333,93.6667,77.0,69,40,3.44,IN,1620191989
496,Superior,46.7208,-92.1041,42.8,52,1,5.41,US,1620191990
497,Launceston,-41.45,147.1667,64.99,55,57,6.91,AU,1620191836
498,Mayo,38.8876,-76.5119,64.99,100,1,7.92,US,1620191990
499,Uray,60.1247,64.7758,64.33,58,64,9.66,RU,1620191991
500,Sitka,57.0531,-135.33,42.8,81,90,6.91,US,1620191991
501,Sørland,67.667,12.6934,41.0,60,75,8.05,NO,1620191992
502,Lang Son,21.8333,106.7333,73.81,89,100,4.25,VN,1620191993
503,Caldwell,43.6629,-116.6874,55.4,38,1,6.91,US,1620191993
504,Baoqing,46.3317,132.2111,53.13,61,100,5.93,CN,1620191994
505,Panama City,8.9936,-79.5197,79.0,88,75,2.3,PA,1620191914
506,Kauhajoki,62.4333,22.1833,37.0,48,0,11.5,FI,1620191994
507,Okoneshnikovo,54.8377,75.0834,60.26,32,100,14.29,RU,1620191995
508,Redlands,34.0556,-117.1825,72.0,43,1,4.61,US,1620191996
509,Lodwar,3.1191,35.5973,84.13,50,41,10.78,KE,1620191996
510,Kirovskaya,46.9748,40.0402,53.6,50,0,4.47,RU,1620191996
511,Dumas,35.8656,-101.9732,51.01,71,1,6.91,US,1620191997
512,Kerrobert,51.9168,-109.1348,42.8,36,75,9.22,CA,1620191997
513,Olinda,-8.0089,-34.8553,71.6,94,90,6.91,BR,1620191998
514,Wainwright,52.839,-110.8572,48.2,34,94,2.3,CA,1620191998
515,Opuwo,-18.0607,13.84,64.15,58,60,5.23,NA,1620191999
516,Stonewall,50.1344,-97.3268,35.01,64,1,5.75,CA,1620191705
517,Gubkinskiy,64.434,76.5026,37.09,88,75,6.02,RU,1620191999
518,Khatauli,29.2833,77.7167,97.05,25,40,9.82,IN,1620191895
519,Camaná,-16.6228,-72.7111,67.73,84,95,8.72,PE,1620192000
520,Shingū,33.7333,135.9833,66.2,88,75,20.71,JP,1620192000
521,Luganville,-15.5333,167.1667,82.67,77,25,1.97,VU,1620192001
522,Arrondissement de Bernay,49.1667,0.6667,41.0,87,21,5.01,FR,1620192003
523,Kizema,61.113,44.8302,35.73,95,100,3.2,RU,1620192004
524,Gornopravdinsk,60.05,69.9,65.17,65,33,8.72,RU,1620192004
525,Okhotsk,59.3833,143.3,38.88,72,100,7.0,RU,1620192004
526,‘Āhuimanu,21.4447,-157.8378,78.8,78,40,8.05,US,1620192005
527,Takoradze,4.8845,-1.7554,77.81,84,100,7.23,GH,1620192005
528,Lázaro Cárdenas,17.9583,-102.2,73.78,66,0,3.24,MX,1620192006
529,Beira,-19.8436,34.8389,66.2,82,20,5.61,MZ,1620192006
530,Romitan,39.9343,64.3814,73.4,40,20,9.22,UZ,1620192006
531,San Cristobal,7.7669,-72.225,75.2,100,40,5.75,VE,1620192007
532,Wattegama,6.7989,81.4808,86.0,84,20,4.61,LK,1620192007
533,Stepnyak,52.8339,70.7803,64.24,40,100,12.08,KZ,1620192008
534,Kozhevnikovo,56.2589,83.9714,56.82,41,99,15.32,RU,1620192009
535,Camacupa,-12.0167,17.4833,61.63,92,98,2.51,AO,1620192009
536,Umm Kaddadah,13.6017,26.6876,80.08,44,52,6.22,SD,1620192010
537,Manggar,-2.8833,108.2667,87.24,62,100,7.61,ID,1620192010
538,Vostok,46.4856,135.8833,42.49,90,100,5.14,RU,1620192010
539,Hornepayne,49.2138,-84.7705,33.13,96,100,8.93,CA,1620192011
540,Baruun-Urt,46.6806,113.2792,60.42,20,53,15.41,MN,1620192012
541,Auki,-8.7676,160.7034,82.47,79,96,3.89,SB,1620192012
542,Touros,-5.1989,-35.4608,75.2,94,75,3.44,BR,1620192012
543,Formosa,-26.1775,-58.1781,64.4,100,90,10.36,AR,1620192013
544,Blyth,55.1271,-1.5086,36.0,80,74,8.05,GB,1620192013
545,Crixás,-14.5489,-49.9692,66.69,60,74,4.7,BR,1620192014
546,Tessalit,20.1986,1.0114,83.17,7,0,7.05,ML,1620192014
547,Marsá Maţrūḩ,31.3525,27.2453,66.2,82,0,5.75,EG,1620192015
548,North Bend,43.4065,-124.2243,51.8,82,1,10.36,US,1620192015
549,Kaabong,3.4836,34.1492,67.14,82,98,4.38,UG,1620192015
550,Portobelo,9.55,-79.65,78.01,80,59,1.01,PA,1620192016
551,Bilma,18.6853,12.9164,84.06,8,7,5.73,NE,1620192017
552,Polignano a Mare,40.9959,17.2159,62.01,66,87,1.01,IT,1620192017
553,Gua Musang,4.8823,101.9644,83.89,78,99,2.44,MY,1620192017
554,Phetchabun,16.25,101.0833,95.0,52,20,2.3,TH,1620192018
555,Sibu,2.3,111.8167,86.0,70,40,4.61,MY,1620192018
556,Jacareacanga,-6.2222,-57.7528,71.73,98,44,2.35,BR,1620192019
557,Stephenville,32.2207,-98.2023,57.2,77,1,4.61,US,1620192019
